# The Hazard Library
# Copyright (C) 2012-2026 GEM Foundation
#
# This program is free software: you can redistribute it and/or modify
# it under the terms of the GNU Affero General Public License as
# published by the Free Software Foundation, either version 3 of the
# License, or (at your option) any later version.
#
# This program is distributed in the hope that it will be useful,
# but WITHOUT ANY WARRANTY; without even the implied warranty of
# MERCHANTABILITY or FITNESS FOR A PARTICULAR PURPOSE.  See the
# GNU Affero General Public License for more details.
#
# You should have received a copy of the GNU Affero General Public License
# along with this program.  If not, see <http://www.gnu.org/licenses/>.

"""
Period-dependent correlation coefficient matrix as in for Europe.
Clemett and Gündel (2026) - Paper in preparation

Each array is a correlation matrix for a specific tectonic region in Europe
and specific type of residual (site-2-site, event-2-event, etc...).
"""

import numpy as np

# Correlation coefficients for active shallow crust events
ASC_RHO_TOTAL = np.array([
    [  1.000,   0.988,   0.979,   0.965,   0.955,   0.945,   0.933,   0.912,   0.890,   0.865,   0.838,   0.814,   0.790,   0.749,   0.712,   0.693,   0.677,   0.648,   0.622,   0.583,   0.556,   0.536,   0.519,   0.509,   0.492,   0.473,   0.449,   0.445,   0.446,   0.453,   0.450,   0.473,   0.501],
    [  0.988,   1.000,   0.992,   0.973,   0.950,   0.925,   0.902,   0.875,   0.847,   0.820,   0.792,   0.766,   0.742,   0.701,   0.664,   0.645,   0.629,   0.600,   0.575,   0.537,   0.511,   0.492,   0.476,   0.467,   0.452,   0.436,   0.414,   0.411,   0.415,   0.422,   0.422,   0.444,   0.472],
    [  0.979,   0.992,   1.000,   0.982,   0.954,   0.919,   0.889,   0.857,   0.826,   0.797,   0.767,   0.740,   0.714,   0.673,   0.635,   0.616,   0.600,   0.571,   0.546,   0.508,   0.482,   0.463,   0.448,   0.439,   0.425,   0.411,   0.390,   0.387,   0.392,   0.399,   0.400,   0.422,   0.450],
    [  0.965,   0.973,   0.982,   1.000,   0.971,   0.926,   0.887,   0.847,   0.812,   0.778,   0.745,   0.716,   0.689,   0.645,   0.606,   0.586,   0.570,   0.541,   0.515,   0.477,   0.450,   0.431,   0.416,   0.407,   0.393,   0.378,   0.358,   0.355,   0.360,   0.366,   0.366,   0.388,   0.416],
    [  0.955,   0.950,   0.954,   0.971,   1.000,   0.953,   0.909,   0.864,   0.824,   0.787,   0.752,   0.721,   0.692,   0.644,   0.603,   0.583,   0.566,   0.535,   0.509,   0.470,   0.442,   0.423,   0.408,   0.399,   0.385,   0.370,   0.348,   0.345,   0.347,   0.354,   0.349,   0.372,   0.400],
    [  0.945,   0.925,   0.919,   0.926,   0.953,   1.000,   0.958,   0.916,   0.876,   0.838,   0.802,   0.770,   0.740,   0.689,   0.647,   0.627,   0.609,   0.578,   0.551,   0.509,   0.478,   0.458,   0.441,   0.431,   0.414,   0.393,   0.368,   0.364,   0.363,   0.370,   0.360,   0.383,   0.412],
    [  0.933,   0.902,   0.889,   0.887,   0.909,   0.958,   1.000,   0.964,   0.927,   0.891,   0.856,   0.825,   0.796,   0.744,   0.702,   0.681,   0.663,   0.631,   0.604,   0.563,   0.533,   0.512,   0.494,   0.483,   0.464,   0.440,   0.412,   0.406,   0.400,   0.408,   0.395,   0.418,   0.446],
    [  0.912,   0.875,   0.857,   0.847,   0.864,   0.916,   0.964,   1.000,   0.968,   0.934,   0.901,   0.871,   0.843,   0.794,   0.752,   0.731,   0.713,   0.682,   0.655,   0.613,   0.584,   0.564,   0.544,   0.534,   0.512,   0.485,   0.455,   0.448,   0.437,   0.443,   0.428,   0.449,   0.476],
    [  0.890,   0.847,   0.826,   0.812,   0.824,   0.876,   0.927,   0.968,   1.000,   0.973,   0.943,   0.916,   0.890,   0.843,   0.803,   0.783,   0.766,   0.735,   0.708,   0.665,   0.635,   0.613,   0.593,   0.582,   0.556,   0.525,   0.492,   0.484,   0.473,   0.477,   0.462,   0.482,   0.508],
    [  0.865,   0.820,   0.797,   0.778,   0.787,   0.838,   0.891,   0.934,   0.973,   1.000,   0.977,   0.952,   0.928,   0.885,   0.846,   0.826,   0.810,   0.779,   0.752,   0.711,   0.681,   0.659,   0.639,   0.626,   0.598,   0.563,   0.530,   0.521,   0.509,   0.512,   0.495,   0.512,   0.537],
    [  0.838,   0.792,   0.767,   0.745,   0.752,   0.802,   0.856,   0.901,   0.943,   0.977,   1.000,   0.981,   0.958,   0.918,   0.879,   0.861,   0.844,   0.815,   0.789,   0.747,   0.718,   0.695,   0.674,   0.660,   0.629,   0.594,   0.560,   0.551,   0.537,   0.539,   0.520,   0.535,   0.558],
    [  0.814,   0.766,   0.740,   0.716,   0.721,   0.770,   0.825,   0.871,   0.916,   0.952,   0.981,   1.000,   0.983,   0.944,   0.908,   0.890,   0.875,   0.846,   0.821,   0.780,   0.750,   0.727,   0.706,   0.692,   0.658,   0.623,   0.588,   0.577,   0.563,   0.562,   0.542,   0.556,   0.577],
    [  0.790,   0.742,   0.714,   0.689,   0.692,   0.740,   0.796,   0.843,   0.890,   0.928,   0.958,   0.983,   1.000,   0.967,   0.933,   0.917,   0.902,   0.874,   0.850,   0.810,   0.780,   0.757,   0.736,   0.721,   0.686,   0.649,   0.612,   0.601,   0.585,   0.583,   0.561,   0.573,   0.593],
    [  0.749,   0.701,   0.673,   0.645,   0.644,   0.689,   0.744,   0.794,   0.843,   0.885,   0.918,   0.944,   0.967,   1.000,   0.972,   0.957,   0.944,   0.919,   0.896,   0.859,   0.829,   0.806,   0.784,   0.768,   0.732,   0.693,   0.656,   0.643,   0.626,   0.622,   0.600,   0.610,   0.628],
    [  0.712,   0.664,   0.635,   0.606,   0.603,   0.647,   0.702,   0.752,   0.803,   0.846,   0.879,   0.908,   0.933,   0.972,   1.000,   0.991,   0.977,   0.953,   0.932,   0.896,   0.867,   0.844,   0.822,   0.805,   0.767,   0.726,   0.687,   0.671,   0.652,   0.647,   0.625,   0.632,   0.647],
    [  0.693,   0.645,   0.616,   0.586,   0.583,   0.627,   0.681,   0.731,   0.783,   0.826,   0.861,   0.890,   0.917,   0.957,   0.991,   1.000,   0.992,   0.968,   0.947,   0.912,   0.883,   0.859,   0.837,   0.821,   0.780,   0.739,   0.699,   0.682,   0.662,   0.656,   0.634,   0.640,   0.654],
    [  0.677,   0.629,   0.600,   0.570,   0.566,   0.609,   0.663,   0.713,   0.766,   0.810,   0.844,   0.875,   0.902,   0.944,   0.977,   0.992,   1.000,   0.981,   0.960,   0.925,   0.897,   0.874,   0.851,   0.834,   0.794,   0.751,   0.711,   0.694,   0.673,   0.666,   0.643,   0.649,   0.661],
    [  0.648,   0.600,   0.571,   0.541,   0.535,   0.578,   0.631,   0.682,   0.735,   0.779,   0.815,   0.846,   0.874,   0.919,   0.953,   0.968,   0.981,   1.000,   0.984,   0.949,   0.921,   0.899,   0.876,   0.859,   0.818,   0.775,   0.734,   0.715,   0.694,   0.684,   0.661,   0.664,   0.674],
    [  0.622,   0.575,   0.546,   0.515,   0.509,   0.551,   0.604,   0.655,   0.708,   0.752,   0.789,   0.821,   0.850,   0.896,   0.932,   0.947,   0.960,   0.984,   1.000,   0.969,   0.941,   0.919,   0.897,   0.880,   0.838,   0.795,   0.753,   0.734,   0.711,   0.700,   0.675,   0.677,   0.684],
    [  0.583,   0.537,   0.508,   0.477,   0.470,   0.509,   0.563,   0.613,   0.665,   0.711,   0.747,   0.780,   0.810,   0.859,   0.896,   0.912,   0.925,   0.949,   0.969,   1.000,   0.975,   0.953,   0.930,   0.913,   0.871,   0.828,   0.786,   0.766,   0.740,   0.727,   0.702,   0.701,   0.704],
    [  0.556,   0.511,   0.482,   0.450,   0.442,   0.478,   0.533,   0.584,   0.635,   0.681,   0.718,   0.750,   0.780,   0.829,   0.867,   0.883,   0.897,   0.921,   0.941,   0.975,   1.000,   0.981,   0.957,   0.940,   0.898,   0.856,   0.814,   0.794,   0.768,   0.754,   0.725,   0.721,   0.722],
    [  0.536,   0.492,   0.463,   0.431,   0.423,   0.458,   0.512,   0.564,   0.613,   0.659,   0.695,   0.727,   0.757,   0.806,   0.844,   0.859,   0.874,   0.899,   0.919,   0.953,   0.981,   1.000,   0.981,   0.963,   0.920,   0.879,   0.837,   0.816,   0.788,   0.774,   0.742,   0.736,   0.735],
    [  0.519,   0.476,   0.448,   0.416,   0.408,   0.441,   0.494,   0.544,   0.593,   0.639,   0.674,   0.706,   0.736,   0.784,   0.822,   0.837,   0.851,   0.876,   0.897,   0.930,   0.957,   0.981,   1.000,   0.986,   0.941,   0.900,   0.858,   0.837,   0.808,   0.792,   0.760,   0.751,   0.748],
    [  0.509,   0.467,   0.439,   0.407,   0.399,   0.431,   0.483,   0.534,   0.582,   0.626,   0.660,   0.692,   0.721,   0.768,   0.805,   0.821,   0.834,   0.859,   0.880,   0.913,   0.940,   0.963,   0.986,   1.000,   0.958,   0.917,   0.875,   0.854,   0.824,   0.807,   0.773,   0.763,   0.759],
    [  0.492,   0.452,   0.425,   0.393,   0.385,   0.414,   0.464,   0.512,   0.556,   0.598,   0.629,   0.658,   0.686,   0.732,   0.767,   0.780,   0.794,   0.818,   0.838,   0.871,   0.898,   0.920,   0.941,   0.958,   1.000,   0.966,   0.927,   0.905,   0.874,   0.854,   0.819,   0.806,   0.798],
    [  0.473,   0.436,   0.411,   0.378,   0.370,   0.393,   0.440,   0.485,   0.525,   0.563,   0.594,   0.623,   0.649,   0.693,   0.726,   0.739,   0.751,   0.775,   0.795,   0.828,   0.856,   0.879,   0.900,   0.917,   0.966,   1.000,   0.968,   0.945,   0.917,   0.895,   0.858,   0.841,   0.830],
    [  0.449,   0.414,   0.390,   0.358,   0.348,   0.368,   0.412,   0.455,   0.492,   0.530,   0.560,   0.588,   0.612,   0.656,   0.687,   0.699,   0.711,   0.734,   0.753,   0.786,   0.814,   0.837,   0.858,   0.875,   0.927,   0.968,   1.000,   0.984,   0.955,   0.933,   0.896,   0.877,   0.862],
    [  0.445,   0.411,   0.387,   0.355,   0.345,   0.364,   0.406,   0.448,   0.484,   0.521,   0.551,   0.577,   0.601,   0.643,   0.671,   0.682,   0.694,   0.715,   0.734,   0.766,   0.794,   0.816,   0.837,   0.854,   0.905,   0.945,   0.984,   1.000,   0.975,   0.952,   0.917,   0.897,   0.880],
    [  0.446,   0.415,   0.392,   0.360,   0.347,   0.363,   0.400,   0.437,   0.473,   0.509,   0.537,   0.563,   0.585,   0.626,   0.652,   0.662,   0.673,   0.694,   0.711,   0.740,   0.768,   0.788,   0.808,   0.824,   0.874,   0.917,   0.955,   0.975,   1.000,   0.984,   0.952,   0.930,   0.912],
    [  0.453,   0.422,   0.399,   0.366,   0.354,   0.370,   0.408,   0.443,   0.477,   0.512,   0.539,   0.562,   0.583,   0.622,   0.647,   0.656,   0.666,   0.684,   0.700,   0.727,   0.754,   0.774,   0.792,   0.807,   0.854,   0.895,   0.933,   0.952,   0.984,   1.000,   0.976,   0.953,   0.934],
    [  0.450,   0.422,   0.400,   0.366,   0.349,   0.360,   0.395,   0.428,   0.462,   0.495,   0.520,   0.542,   0.561,   0.600,   0.625,   0.634,   0.643,   0.661,   0.675,   0.702,   0.725,   0.742,   0.760,   0.773,   0.819,   0.858,   0.896,   0.917,   0.952,   0.976,   1.000,   0.983,   0.964],
    [  0.473,   0.444,   0.422,   0.388,   0.372,   0.383,   0.418,   0.449,   0.482,   0.512,   0.535,   0.556,   0.573,   0.610,   0.632,   0.640,   0.649,   0.664,   0.677,   0.701,   0.721,   0.736,   0.751,   0.763,   0.806,   0.841,   0.877,   0.897,   0.930,   0.953,   0.983,   1.000,   0.987],
    [  0.501,   0.472,   0.450,   0.416,   0.400,   0.412,   0.446,   0.476,   0.508,   0.537,   0.558,   0.577,   0.593,   0.628,   0.647,   0.654,   0.661,   0.674,   0.684,   0.704,   0.722,   0.735,   0.748,   0.759,   0.798,   0.830,   0.862,   0.880,   0.912,   0.934,   0.964,   0.987,   1.000],
])

# event term
ASC_RHO_DBE = np.array([
    [  1.000,   0.996,   0.991,   0.985,   0.982,   0.976,   0.970,   0.955,   0.944,   0.930,   0.915,   0.901,   0.883,   0.846,   0.810,   0.791,   0.771,   0.741,   0.704,   0.651,   0.612,   0.580,   0.546,   0.522,   0.476,   0.452,   0.437,   0.436,   0.472,   0.487,   0.519,   0.543,   0.582],
    [  0.996,   1.000,   0.998,   0.992,   0.983,   0.968,   0.954,   0.935,   0.920,   0.905,   0.887,   0.872,   0.853,   0.814,   0.776,   0.756,   0.736,   0.706,   0.669,   0.615,   0.575,   0.544,   0.510,   0.486,   0.443,   0.424,   0.413,   0.413,   0.455,   0.471,   0.507,   0.531,   0.570],
    [  0.991,   0.998,   1.000,   0.995,   0.985,   0.964,   0.946,   0.922,   0.906,   0.888,   0.870,   0.854,   0.834,   0.793,   0.754,   0.734,   0.714,   0.684,   0.647,   0.593,   0.554,   0.522,   0.489,   0.465,   0.425,   0.408,   0.399,   0.399,   0.444,   0.459,   0.498,   0.522,   0.561],
    [  0.985,   0.992,   0.995,   1.000,   0.991,   0.966,   0.943,   0.915,   0.895,   0.874,   0.854,   0.836,   0.815,   0.772,   0.731,   0.711,   0.690,   0.660,   0.622,   0.568,   0.529,   0.498,   0.465,   0.441,   0.403,   0.387,   0.380,   0.381,   0.422,   0.438,   0.477,   0.501,   0.541],
    [  0.982,   0.983,   0.985,   0.991,   1.000,   0.982,   0.957,   0.927,   0.906,   0.885,   0.864,   0.846,   0.823,   0.777,   0.737,   0.716,   0.694,   0.663,   0.623,   0.568,   0.528,   0.496,   0.463,   0.439,   0.398,   0.378,   0.369,   0.369,   0.403,   0.418,   0.453,   0.476,   0.517],
    [  0.976,   0.968,   0.964,   0.966,   0.982,   1.000,   0.983,   0.959,   0.938,   0.916,   0.896,   0.876,   0.854,   0.807,   0.767,   0.746,   0.723,   0.689,   0.650,   0.592,   0.551,   0.519,   0.483,   0.460,   0.409,   0.379,   0.363,   0.362,   0.387,   0.402,   0.432,   0.454,   0.495],
    [  0.970,   0.954,   0.946,   0.943,   0.957,   0.983,   1.000,   0.987,   0.970,   0.950,   0.931,   0.912,   0.891,   0.848,   0.811,   0.790,   0.768,   0.735,   0.697,   0.640,   0.600,   0.569,   0.532,   0.510,   0.457,   0.420,   0.398,   0.395,   0.413,   0.427,   0.452,   0.476,   0.516],
    [  0.955,   0.935,   0.922,   0.915,   0.927,   0.959,   0.987,   1.000,   0.990,   0.974,   0.956,   0.939,   0.920,   0.881,   0.848,   0.828,   0.808,   0.775,   0.740,   0.684,   0.644,   0.614,   0.577,   0.557,   0.500,   0.459,   0.434,   0.428,   0.441,   0.455,   0.477,   0.499,   0.536],
    [  0.944,   0.920,   0.906,   0.895,   0.906,   0.938,   0.970,   0.990,   1.000,   0.990,   0.975,   0.959,   0.943,   0.907,   0.874,   0.855,   0.835,   0.804,   0.769,   0.713,   0.672,   0.642,   0.606,   0.584,   0.525,   0.480,   0.454,   0.448,   0.460,   0.473,   0.491,   0.512,   0.548],
    [  0.930,   0.905,   0.888,   0.874,   0.885,   0.916,   0.950,   0.974,   0.990,   1.000,   0.992,   0.980,   0.967,   0.936,   0.905,   0.887,   0.869,   0.838,   0.806,   0.753,   0.713,   0.683,   0.647,   0.624,   0.563,   0.516,   0.488,   0.480,   0.488,   0.500,   0.511,   0.531,   0.566],
    [  0.915,   0.887,   0.870,   0.854,   0.864,   0.896,   0.931,   0.956,   0.975,   0.992,   1.000,   0.994,   0.984,   0.956,   0.928,   0.911,   0.894,   0.865,   0.834,   0.784,   0.744,   0.713,   0.676,   0.653,   0.589,   0.540,   0.511,   0.502,   0.509,   0.519,   0.523,   0.543,   0.576],
    [  0.901,   0.872,   0.854,   0.836,   0.846,   0.876,   0.912,   0.939,   0.959,   0.980,   0.994,   1.000,   0.995,   0.971,   0.945,   0.930,   0.914,   0.886,   0.857,   0.809,   0.769,   0.739,   0.702,   0.679,   0.614,   0.563,   0.531,   0.522,   0.525,   0.535,   0.534,   0.553,   0.586],
    [  0.883,   0.853,   0.834,   0.815,   0.823,   0.854,   0.891,   0.920,   0.943,   0.967,   0.984,   0.995,   1.000,   0.985,   0.962,   0.949,   0.933,   0.907,   0.880,   0.834,   0.795,   0.765,   0.729,   0.706,   0.641,   0.589,   0.555,   0.544,   0.546,   0.554,   0.548,   0.567,   0.599],
    [  0.846,   0.814,   0.793,   0.772,   0.777,   0.807,   0.848,   0.881,   0.907,   0.936,   0.956,   0.971,   0.985,   1.000,   0.988,   0.979,   0.967,   0.947,   0.925,   0.886,   0.851,   0.821,   0.787,   0.764,   0.702,   0.653,   0.618,   0.604,   0.603,   0.607,   0.590,   0.607,   0.637],
    [  0.810,   0.776,   0.754,   0.731,   0.737,   0.767,   0.811,   0.848,   0.874,   0.905,   0.928,   0.945,   0.962,   0.988,   1.000,   0.997,   0.990,   0.975,   0.957,   0.923,   0.890,   0.861,   0.829,   0.807,   0.747,   0.697,   0.658,   0.642,   0.636,   0.639,   0.613,   0.630,   0.657],
    [  0.791,   0.756,   0.734,   0.711,   0.716,   0.746,   0.790,   0.828,   0.855,   0.887,   0.911,   0.930,   0.949,   0.979,   0.997,   1.000,   0.997,   0.985,   0.970,   0.938,   0.906,   0.878,   0.848,   0.825,   0.766,   0.716,   0.677,   0.661,   0.652,   0.655,   0.626,   0.643,   0.668],
    [  0.771,   0.736,   0.714,   0.690,   0.694,   0.723,   0.768,   0.808,   0.835,   0.869,   0.894,   0.914,   0.933,   0.967,   0.990,   0.997,   1.000,   0.993,   0.981,   0.951,   0.922,   0.896,   0.867,   0.845,   0.788,   0.737,   0.699,   0.682,   0.671,   0.673,   0.642,   0.658,   0.680],
    [  0.741,   0.706,   0.684,   0.660,   0.663,   0.689,   0.735,   0.775,   0.804,   0.838,   0.865,   0.886,   0.907,   0.947,   0.975,   0.985,   0.993,   1.000,   0.994,   0.971,   0.946,   0.923,   0.896,   0.875,   0.822,   0.773,   0.734,   0.716,   0.704,   0.704,   0.670,   0.683,   0.702],
    [  0.704,   0.669,   0.647,   0.622,   0.623,   0.650,   0.697,   0.740,   0.769,   0.806,   0.834,   0.857,   0.880,   0.925,   0.957,   0.970,   0.981,   0.994,   1.000,   0.985,   0.965,   0.944,   0.920,   0.900,   0.851,   0.805,   0.766,   0.747,   0.731,   0.729,   0.694,   0.704,   0.719],
    [  0.651,   0.615,   0.593,   0.568,   0.568,   0.592,   0.640,   0.684,   0.713,   0.753,   0.784,   0.809,   0.834,   0.886,   0.923,   0.938,   0.951,   0.971,   0.985,   1.000,   0.990,   0.976,   0.957,   0.941,   0.896,   0.856,   0.817,   0.796,   0.776,   0.769,   0.736,   0.741,   0.751],
    [  0.612,   0.575,   0.554,   0.529,   0.528,   0.551,   0.600,   0.644,   0.672,   0.713,   0.744,   0.769,   0.795,   0.851,   0.890,   0.906,   0.922,   0.946,   0.965,   0.990,   1.000,   0.993,   0.979,   0.965,   0.924,   0.885,   0.848,   0.828,   0.805,   0.798,   0.767,   0.769,   0.777],
    [  0.580,   0.544,   0.522,   0.498,   0.496,   0.519,   0.569,   0.614,   0.642,   0.683,   0.713,   0.739,   0.765,   0.821,   0.861,   0.878,   0.896,   0.923,   0.944,   0.976,   0.993,   1.000,   0.993,   0.983,   0.945,   0.907,   0.870,   0.849,   0.824,   0.817,   0.788,   0.789,   0.795],
    [  0.546,   0.510,   0.489,   0.465,   0.463,   0.483,   0.532,   0.577,   0.606,   0.647,   0.676,   0.702,   0.729,   0.787,   0.829,   0.848,   0.867,   0.896,   0.920,   0.957,   0.979,   0.993,   1.000,   0.995,   0.963,   0.926,   0.889,   0.869,   0.843,   0.834,   0.809,   0.806,   0.810],
    [  0.522,   0.486,   0.465,   0.441,   0.439,   0.460,   0.510,   0.557,   0.584,   0.624,   0.653,   0.679,   0.706,   0.764,   0.807,   0.825,   0.845,   0.875,   0.900,   0.941,   0.965,   0.983,   0.995,   1.000,   0.976,   0.942,   0.905,   0.884,   0.858,   0.848,   0.825,   0.821,   0.821],
    [  0.476,   0.443,   0.425,   0.403,   0.398,   0.409,   0.457,   0.500,   0.525,   0.563,   0.589,   0.614,   0.641,   0.702,   0.747,   0.766,   0.788,   0.822,   0.851,   0.896,   0.924,   0.945,   0.963,   0.976,   1.000,   0.982,   0.956,   0.936,   0.911,   0.895,   0.873,   0.862,   0.855],
    [  0.452,   0.424,   0.408,   0.387,   0.378,   0.379,   0.420,   0.459,   0.480,   0.516,   0.540,   0.563,   0.589,   0.653,   0.697,   0.716,   0.737,   0.773,   0.805,   0.856,   0.885,   0.907,   0.926,   0.942,   0.982,   1.000,   0.988,   0.971,   0.947,   0.928,   0.904,   0.889,   0.875],
    [  0.437,   0.413,   0.399,   0.380,   0.369,   0.363,   0.398,   0.434,   0.454,   0.488,   0.511,   0.531,   0.555,   0.618,   0.658,   0.677,   0.699,   0.734,   0.766,   0.817,   0.848,   0.870,   0.889,   0.905,   0.956,   0.988,   1.000,   0.992,   0.971,   0.951,   0.926,   0.910,   0.892],
    [  0.436,   0.413,   0.399,   0.381,   0.369,   0.362,   0.395,   0.428,   0.448,   0.480,   0.502,   0.522,   0.544,   0.604,   0.642,   0.661,   0.682,   0.716,   0.747,   0.796,   0.828,   0.849,   0.869,   0.884,   0.936,   0.971,   0.992,   1.000,   0.983,   0.968,   0.944,   0.927,   0.908],
    [  0.472,   0.455,   0.444,   0.422,   0.403,   0.387,   0.413,   0.441,   0.460,   0.488,   0.509,   0.525,   0.546,   0.603,   0.636,   0.652,   0.671,   0.704,   0.731,   0.776,   0.805,   0.824,   0.843,   0.858,   0.911,   0.947,   0.971,   0.983,   1.000,   0.993,   0.968,   0.950,   0.930],
    [  0.487,   0.471,   0.459,   0.438,   0.418,   0.402,   0.427,   0.455,   0.473,   0.500,   0.519,   0.535,   0.554,   0.607,   0.639,   0.655,   0.673,   0.704,   0.729,   0.769,   0.798,   0.817,   0.834,   0.848,   0.895,   0.928,   0.951,   0.968,   0.993,   1.000,   0.981,   0.966,   0.947],
    [  0.519,   0.507,   0.498,   0.477,   0.453,   0.432,   0.452,   0.477,   0.491,   0.511,   0.523,   0.534,   0.548,   0.590,   0.613,   0.626,   0.642,   0.670,   0.694,   0.736,   0.767,   0.788,   0.809,   0.825,   0.873,   0.904,   0.926,   0.944,   0.968,   0.981,   1.000,   0.992,   0.978],
    [  0.543,   0.531,   0.522,   0.501,   0.476,   0.454,   0.476,   0.499,   0.512,   0.531,   0.543,   0.553,   0.567,   0.607,   0.630,   0.643,   0.658,   0.683,   0.704,   0.741,   0.769,   0.789,   0.806,   0.821,   0.862,   0.889,   0.910,   0.927,   0.950,   0.966,   0.992,   1.000,   0.994],
    [  0.582,   0.570,   0.561,   0.541,   0.517,   0.495,   0.516,   0.536,   0.548,   0.566,   0.576,   0.586,   0.599,   0.637,   0.657,   0.668,   0.680,   0.702,   0.719,   0.751,   0.777,   0.795,   0.810,   0.821,   0.855,   0.875,   0.892,   0.908,   0.930,   0.947,   0.978,   0.994,   1.000],
])

# site term
ASC_RHO_DS2SS = np.array([
    [  1.000,   0.990,   0.982,   0.969,   0.962,   0.960,   0.949,   0.929,   0.904,   0.874,   0.840,   0.808,   0.778,   0.730,   0.686,   0.665,   0.649,   0.615,   0.590,   0.556,   0.533,   0.515,   0.506,   0.500,   0.494,   0.481,   0.445,   0.434,   0.430,   0.435,   0.426,   0.448,   0.473],
    [  0.990,   1.000,   0.995,   0.979,   0.959,   0.940,   0.919,   0.890,   0.858,   0.824,   0.788,   0.753,   0.722,   0.674,   0.630,   0.609,   0.592,   0.558,   0.533,   0.500,   0.479,   0.462,   0.455,   0.450,   0.443,   0.432,   0.397,   0.386,   0.386,   0.392,   0.387,   0.409,   0.434],
    [  0.982,   0.995,   1.000,   0.988,   0.963,   0.934,   0.906,   0.871,   0.836,   0.799,   0.761,   0.724,   0.692,   0.642,   0.597,   0.575,   0.558,   0.524,   0.499,   0.466,   0.444,   0.427,   0.420,   0.415,   0.409,   0.398,   0.363,   0.352,   0.352,   0.358,   0.354,   0.376,   0.402],
    [  0.969,   0.979,   0.988,   1.000,   0.979,   0.938,   0.900,   0.859,   0.819,   0.779,   0.738,   0.698,   0.664,   0.612,   0.565,   0.543,   0.525,   0.490,   0.464,   0.429,   0.406,   0.388,   0.380,   0.375,   0.367,   0.353,   0.317,   0.305,   0.305,   0.310,   0.304,   0.326,   0.351],
    [  0.962,   0.959,   0.963,   0.979,   1.000,   0.961,   0.920,   0.874,   0.827,   0.784,   0.740,   0.700,   0.663,   0.608,   0.560,   0.538,   0.520,   0.484,   0.458,   0.423,   0.398,   0.380,   0.372,   0.367,   0.360,   0.346,   0.308,   0.296,   0.292,   0.296,   0.285,   0.309,   0.334],
    [  0.960,   0.940,   0.934,   0.938,   0.961,   1.000,   0.971,   0.931,   0.887,   0.841,   0.797,   0.757,   0.720,   0.662,   0.615,   0.593,   0.575,   0.540,   0.514,   0.476,   0.448,   0.427,   0.418,   0.412,   0.405,   0.389,   0.350,   0.338,   0.329,   0.333,   0.316,   0.339,   0.365],
    [  0.949,   0.919,   0.906,   0.900,   0.920,   0.971,   1.000,   0.978,   0.941,   0.901,   0.860,   0.822,   0.787,   0.729,   0.680,   0.657,   0.638,   0.603,   0.577,   0.541,   0.516,   0.495,   0.483,   0.476,   0.470,   0.451,   0.412,   0.399,   0.387,   0.393,   0.375,   0.397,   0.421],
    [  0.929,   0.890,   0.871,   0.859,   0.874,   0.931,   0.978,   1.000,   0.980,   0.947,   0.912,   0.878,   0.846,   0.791,   0.742,   0.719,   0.701,   0.666,   0.641,   0.605,   0.581,   0.560,   0.547,   0.540,   0.534,   0.515,   0.476,   0.463,   0.447,   0.450,   0.430,   0.450,   0.473],
    [  0.904,   0.858,   0.836,   0.819,   0.827,   0.887,   0.941,   0.980,   1.000,   0.985,   0.959,   0.932,   0.904,   0.855,   0.809,   0.788,   0.771,   0.738,   0.713,   0.677,   0.652,   0.630,   0.615,   0.606,   0.596,   0.574,   0.536,   0.523,   0.505,   0.507,   0.485,   0.503,   0.524],
    [  0.874,   0.824,   0.799,   0.779,   0.784,   0.841,   0.901,   0.947,   0.985,   1.000,   0.989,   0.969,   0.947,   0.906,   0.863,   0.843,   0.826,   0.795,   0.769,   0.734,   0.709,   0.686,   0.672,   0.663,   0.652,   0.629,   0.593,   0.581,   0.563,   0.563,   0.539,   0.553,   0.573],
    [  0.840,   0.788,   0.761,   0.738,   0.740,   0.797,   0.860,   0.912,   0.959,   0.989,   1.000,   0.991,   0.975,   0.941,   0.902,   0.883,   0.867,   0.836,   0.811,   0.777,   0.752,   0.730,   0.716,   0.706,   0.693,   0.672,   0.640,   0.628,   0.610,   0.609,   0.583,   0.595,   0.613],
    [  0.808,   0.753,   0.724,   0.698,   0.700,   0.757,   0.822,   0.878,   0.932,   0.969,   0.991,   1.000,   0.993,   0.966,   0.933,   0.916,   0.901,   0.873,   0.849,   0.814,   0.790,   0.768,   0.753,   0.744,   0.730,   0.710,   0.679,   0.668,   0.650,   0.646,   0.620,   0.630,   0.646],
    [  0.778,   0.722,   0.692,   0.664,   0.663,   0.720,   0.787,   0.846,   0.904,   0.947,   0.975,   0.993,   1.000,   0.984,   0.957,   0.942,   0.928,   0.902,   0.880,   0.846,   0.823,   0.801,   0.786,   0.775,   0.760,   0.739,   0.709,   0.697,   0.678,   0.674,   0.648,   0.656,   0.670],
    [  0.730,   0.674,   0.642,   0.612,   0.608,   0.662,   0.729,   0.791,   0.855,   0.906,   0.941,   0.966,   0.984,   1.000,   0.987,   0.976,   0.966,   0.944,   0.925,   0.896,   0.873,   0.852,   0.835,   0.823,   0.805,   0.781,   0.753,   0.740,   0.718,   0.712,   0.685,   0.692,   0.703],
    [  0.686,   0.630,   0.597,   0.565,   0.560,   0.615,   0.680,   0.742,   0.809,   0.863,   0.902,   0.933,   0.957,   0.987,   1.000,   0.997,   0.991,   0.975,   0.959,   0.932,   0.909,   0.889,   0.872,   0.859,   0.837,   0.811,   0.781,   0.766,   0.741,   0.734,   0.707,   0.712,   0.721],
    [  0.665,   0.609,   0.575,   0.543,   0.538,   0.593,   0.657,   0.719,   0.788,   0.843,   0.883,   0.916,   0.942,   0.976,   0.997,   1.000,   0.997,   0.985,   0.971,   0.946,   0.923,   0.904,   0.886,   0.873,   0.849,   0.821,   0.791,   0.775,   0.750,   0.741,   0.716,   0.720,   0.727],
    [  0.649,   0.592,   0.558,   0.525,   0.520,   0.575,   0.638,   0.701,   0.771,   0.826,   0.867,   0.901,   0.928,   0.966,   0.991,   0.997,   1.000,   0.992,   0.981,   0.957,   0.934,   0.915,   0.898,   0.884,   0.858,   0.829,   0.799,   0.783,   0.758,   0.749,   0.725,   0.727,   0.734],
    [  0.615,   0.558,   0.524,   0.490,   0.484,   0.540,   0.603,   0.666,   0.738,   0.795,   0.836,   0.873,   0.902,   0.944,   0.975,   0.985,   0.992,   1.000,   0.994,   0.975,   0.954,   0.936,   0.918,   0.903,   0.875,   0.845,   0.815,   0.797,   0.772,   0.762,   0.739,   0.739,   0.743],
    [  0.590,   0.533,   0.499,   0.464,   0.458,   0.514,   0.577,   0.641,   0.713,   0.769,   0.811,   0.849,   0.880,   0.925,   0.959,   0.971,   0.981,   0.994,   1.000,   0.988,   0.969,   0.952,   0.934,   0.919,   0.892,   0.861,   0.831,   0.814,   0.788,   0.777,   0.755,   0.754,   0.757],
    [  0.556,   0.500,   0.466,   0.429,   0.423,   0.476,   0.541,   0.605,   0.677,   0.734,   0.777,   0.814,   0.846,   0.896,   0.932,   0.946,   0.957,   0.975,   0.988,   1.000,   0.990,   0.976,   0.959,   0.945,   0.916,   0.885,   0.855,   0.838,   0.814,   0.802,   0.780,   0.778,   0.779],
    [  0.533,   0.479,   0.444,   0.406,   0.398,   0.448,   0.516,   0.581,   0.652,   0.709,   0.752,   0.790,   0.823,   0.873,   0.909,   0.923,   0.934,   0.954,   0.969,   0.990,   1.000,   0.993,   0.979,   0.967,   0.940,   0.911,   0.885,   0.868,   0.846,   0.833,   0.808,   0.802,   0.800],
    [  0.515,   0.462,   0.427,   0.388,   0.380,   0.427,   0.495,   0.560,   0.630,   0.686,   0.730,   0.768,   0.801,   0.852,   0.889,   0.904,   0.915,   0.936,   0.952,   0.976,   0.993,   1.000,   0.993,   0.984,   0.958,   0.932,   0.908,   0.891,   0.871,   0.857,   0.832,   0.824,   0.820],
    [  0.506,   0.455,   0.420,   0.380,   0.372,   0.418,   0.483,   0.547,   0.615,   0.672,   0.716,   0.753,   0.786,   0.835,   0.872,   0.886,   0.898,   0.918,   0.934,   0.959,   0.979,   0.993,   1.000,   0.995,   0.973,   0.949,   0.926,   0.910,   0.891,   0.875,   0.851,   0.841,   0.836],
    [  0.500,   0.450,   0.415,   0.375,   0.367,   0.412,   0.476,   0.540,   0.606,   0.663,   0.706,   0.744,   0.775,   0.823,   0.859,   0.873,   0.884,   0.903,   0.919,   0.945,   0.967,   0.984,   0.995,   1.000,   0.984,   0.963,   0.942,   0.927,   0.909,   0.893,   0.868,   0.857,   0.851],
    [  0.494,   0.443,   0.409,   0.367,   0.360,   0.405,   0.470,   0.534,   0.596,   0.652,   0.693,   0.730,   0.760,   0.805,   0.837,   0.849,   0.858,   0.875,   0.892,   0.916,   0.940,   0.958,   0.973,   0.984,   1.000,   0.988,   0.973,   0.958,   0.940,   0.925,   0.898,   0.886,   0.880],
    [  0.481,   0.432,   0.398,   0.353,   0.346,   0.389,   0.451,   0.515,   0.574,   0.629,   0.672,   0.710,   0.739,   0.781,   0.811,   0.821,   0.829,   0.845,   0.861,   0.885,   0.911,   0.932,   0.949,   0.963,   0.988,   1.000,   0.990,   0.978,   0.960,   0.945,   0.917,   0.905,   0.897],
    [  0.445,   0.397,   0.363,   0.317,   0.308,   0.350,   0.412,   0.476,   0.536,   0.593,   0.640,   0.679,   0.709,   0.753,   0.781,   0.791,   0.799,   0.815,   0.831,   0.855,   0.885,   0.908,   0.926,   0.942,   0.973,   0.990,   1.000,   0.994,   0.978,   0.965,   0.939,   0.925,   0.915],
    [  0.434,   0.386,   0.352,   0.305,   0.296,   0.338,   0.399,   0.463,   0.523,   0.581,   0.628,   0.668,   0.697,   0.740,   0.766,   0.775,   0.783,   0.797,   0.814,   0.838,   0.868,   0.891,   0.910,   0.927,   0.958,   0.978,   0.994,   1.000,   0.987,   0.978,   0.955,   0.941,   0.929],
    [  0.430,   0.386,   0.352,   0.305,   0.292,   0.329,   0.387,   0.447,   0.505,   0.563,   0.610,   0.650,   0.678,   0.718,   0.741,   0.750,   0.758,   0.772,   0.788,   0.814,   0.846,   0.871,   0.891,   0.909,   0.940,   0.960,   0.978,   0.987,   1.000,   0.994,   0.970,   0.955,   0.944],
    [  0.435,   0.392,   0.358,   0.310,   0.296,   0.333,   0.393,   0.450,   0.507,   0.563,   0.609,   0.646,   0.674,   0.712,   0.734,   0.741,   0.749,   0.762,   0.777,   0.802,   0.833,   0.857,   0.875,   0.893,   0.925,   0.945,   0.965,   0.978,   0.994,   1.000,   0.982,   0.968,   0.956],
    [  0.426,   0.387,   0.354,   0.304,   0.285,   0.316,   0.375,   0.430,   0.485,   0.539,   0.583,   0.620,   0.648,   0.685,   0.707,   0.716,   0.725,   0.739,   0.755,   0.780,   0.808,   0.832,   0.851,   0.868,   0.898,   0.917,   0.939,   0.955,   0.970,   0.982,   1.000,   0.992,   0.981],
    [  0.448,   0.409,   0.376,   0.326,   0.309,   0.339,   0.397,   0.450,   0.503,   0.553,   0.595,   0.630,   0.656,   0.692,   0.712,   0.720,   0.727,   0.739,   0.754,   0.778,   0.802,   0.824,   0.841,   0.857,   0.886,   0.905,   0.925,   0.941,   0.955,   0.968,   0.992,   1.000,   0.994],
    [  0.473,   0.434,   0.402,   0.351,   0.334,   0.365,   0.421,   0.473,   0.524,   0.573,   0.613,   0.646,   0.670,   0.703,   0.721,   0.727,   0.734,   0.743,   0.757,   0.779,   0.800,   0.820,   0.836,   0.851,   0.880,   0.897,   0.915,   0.929,   0.944,   0.956,   0.981,   0.994,   1.000],
])

# single site residual
ASC_RHO_DWSES = np.array([
    [  1.000,   0.979,   0.964,   0.942,   0.921,   0.899,   0.879,   0.853,   0.825,   0.803,   0.776,   0.755,   0.736,   0.704,   0.674,   0.658,   0.646,   0.625,   0.606,   0.572,   0.547,   0.534,   0.522,   0.519,   0.514,   0.500,   0.497,   0.502,   0.486,   0.485,   0.458,   0.482,   0.507],
    [  0.979,   1.000,   0.983,   0.948,   0.907,   0.865,   0.834,   0.804,   0.773,   0.749,   0.724,   0.703,   0.685,   0.655,   0.628,   0.613,   0.602,   0.582,   0.566,   0.534,   0.510,   0.498,   0.487,   0.484,   0.482,   0.471,   0.469,   0.474,   0.460,   0.459,   0.435,   0.457,   0.480],
    [  0.964,   0.983,   1.000,   0.963,   0.912,   0.857,   0.817,   0.782,   0.748,   0.723,   0.696,   0.675,   0.657,   0.628,   0.601,   0.586,   0.575,   0.555,   0.540,   0.509,   0.486,   0.474,   0.463,   0.460,   0.460,   0.449,   0.447,   0.453,   0.441,   0.439,   0.415,   0.436,   0.458],
    [  0.942,   0.948,   0.963,   1.000,   0.942,   0.873,   0.820,   0.775,   0.735,   0.703,   0.672,   0.649,   0.630,   0.599,   0.569,   0.554,   0.544,   0.524,   0.510,   0.479,   0.456,   0.445,   0.434,   0.432,   0.433,   0.424,   0.422,   0.429,   0.417,   0.416,   0.389,   0.407,   0.429],
    [  0.921,   0.907,   0.912,   0.942,   1.000,   0.914,   0.853,   0.799,   0.753,   0.716,   0.682,   0.655,   0.633,   0.596,   0.563,   0.546,   0.534,   0.513,   0.496,   0.465,   0.441,   0.430,   0.421,   0.418,   0.419,   0.411,   0.410,   0.416,   0.406,   0.407,   0.376,   0.395,   0.416],
    [  0.899,   0.865,   0.857,   0.873,   0.914,   1.000,   0.918,   0.859,   0.810,   0.774,   0.738,   0.707,   0.682,   0.640,   0.604,   0.586,   0.571,   0.549,   0.530,   0.494,   0.466,   0.454,   0.444,   0.440,   0.438,   0.426,   0.424,   0.430,   0.421,   0.424,   0.391,   0.411,   0.434],
    [  0.879,   0.834,   0.817,   0.820,   0.853,   0.918,   1.000,   0.925,   0.871,   0.832,   0.794,   0.762,   0.735,   0.689,   0.651,   0.632,   0.617,   0.593,   0.571,   0.533,   0.504,   0.492,   0.480,   0.475,   0.469,   0.456,   0.452,   0.455,   0.440,   0.442,   0.405,   0.426,   0.450],
    [  0.853,   0.804,   0.782,   0.775,   0.799,   0.859,   0.925,   1.000,   0.934,   0.885,   0.844,   0.810,   0.781,   0.734,   0.694,   0.674,   0.658,   0.633,   0.611,   0.570,   0.540,   0.527,   0.514,   0.509,   0.498,   0.483,   0.477,   0.479,   0.457,   0.457,   0.419,   0.443,   0.466],
    [  0.825,   0.773,   0.748,   0.735,   0.753,   0.810,   0.871,   0.934,   1.000,   0.944,   0.897,   0.860,   0.829,   0.779,   0.739,   0.719,   0.703,   0.676,   0.652,   0.609,   0.579,   0.565,   0.552,   0.546,   0.531,   0.510,   0.502,   0.502,   0.481,   0.480,   0.444,   0.469,   0.493],
    [  0.803,   0.749,   0.723,   0.703,   0.716,   0.774,   0.832,   0.885,   0.944,   1.000,   0.951,   0.907,   0.872,   0.819,   0.776,   0.756,   0.740,   0.713,   0.687,   0.643,   0.613,   0.598,   0.584,   0.577,   0.557,   0.532,   0.522,   0.520,   0.498,   0.497,   0.460,   0.483,   0.507],
    [  0.776,   0.724,   0.696,   0.672,   0.682,   0.738,   0.794,   0.844,   0.897,   0.951,   1.000,   0.956,   0.913,   0.855,   0.810,   0.790,   0.773,   0.745,   0.720,   0.675,   0.645,   0.627,   0.611,   0.601,   0.578,   0.553,   0.541,   0.537,   0.512,   0.510,   0.473,   0.493,   0.516],
    [  0.755,   0.703,   0.675,   0.649,   0.655,   0.707,   0.762,   0.810,   0.860,   0.907,   0.956,   1.000,   0.960,   0.891,   0.844,   0.823,   0.805,   0.776,   0.751,   0.705,   0.674,   0.655,   0.637,   0.626,   0.600,   0.573,   0.560,   0.553,   0.526,   0.522,   0.484,   0.503,   0.524],
    [  0.736,   0.685,   0.657,   0.630,   0.633,   0.682,   0.735,   0.781,   0.829,   0.872,   0.913,   0.960,   1.000,   0.928,   0.876,   0.855,   0.836,   0.806,   0.780,   0.732,   0.700,   0.683,   0.666,   0.653,   0.623,   0.593,   0.578,   0.570,   0.541,   0.535,   0.492,   0.510,   0.531],
    [  0.704,   0.655,   0.628,   0.599,   0.596,   0.640,   0.689,   0.734,   0.779,   0.819,   0.855,   0.891,   0.928,   1.000,   0.938,   0.910,   0.889,   0.855,   0.825,   0.776,   0.740,   0.721,   0.702,   0.688,   0.655,   0.623,   0.607,   0.597,   0.569,   0.560,   0.519,   0.534,   0.554],
    [  0.674,   0.628,   0.601,   0.569,   0.563,   0.604,   0.651,   0.694,   0.739,   0.776,   0.810,   0.844,   0.876,   0.938,   1.000,   0.976,   0.946,   0.902,   0.867,   0.815,   0.777,   0.755,   0.735,   0.721,   0.686,   0.651,   0.633,   0.620,   0.590,   0.582,   0.542,   0.552,   0.566],
    [  0.658,   0.613,   0.586,   0.554,   0.546,   0.586,   0.632,   0.674,   0.719,   0.756,   0.790,   0.823,   0.855,   0.910,   0.976,   1.000,   0.979,   0.925,   0.887,   0.833,   0.794,   0.770,   0.750,   0.734,   0.696,   0.660,   0.640,   0.626,   0.597,   0.587,   0.545,   0.553,   0.567],
    [  0.646,   0.602,   0.575,   0.544,   0.534,   0.571,   0.617,   0.658,   0.703,   0.740,   0.773,   0.805,   0.836,   0.889,   0.946,   0.979,   1.000,   0.951,   0.908,   0.850,   0.810,   0.785,   0.763,   0.747,   0.707,   0.670,   0.648,   0.633,   0.604,   0.593,   0.550,   0.558,   0.571],
    [  0.625,   0.582,   0.555,   0.524,   0.513,   0.549,   0.593,   0.633,   0.676,   0.713,   0.745,   0.776,   0.806,   0.855,   0.902,   0.925,   0.951,   1.000,   0.957,   0.885,   0.840,   0.812,   0.789,   0.772,   0.730,   0.690,   0.666,   0.647,   0.614,   0.600,   0.556,   0.562,   0.574],
    [  0.606,   0.566,   0.540,   0.510,   0.496,   0.530,   0.571,   0.611,   0.652,   0.687,   0.720,   0.751,   0.780,   0.825,   0.867,   0.887,   0.908,   0.957,   1.000,   0.923,   0.869,   0.839,   0.813,   0.796,   0.749,   0.704,   0.677,   0.658,   0.623,   0.608,   0.563,   0.568,   0.577],
    [  0.572,   0.534,   0.509,   0.479,   0.465,   0.494,   0.533,   0.570,   0.609,   0.643,   0.675,   0.705,   0.732,   0.776,   0.815,   0.833,   0.850,   0.885,   0.923,   1.000,   0.933,   0.889,   0.856,   0.834,   0.783,   0.736,   0.706,   0.683,   0.642,   0.624,   0.585,   0.587,   0.594],
    [  0.547,   0.510,   0.486,   0.456,   0.441,   0.466,   0.504,   0.540,   0.579,   0.613,   0.645,   0.674,   0.700,   0.740,   0.777,   0.794,   0.810,   0.840,   0.869,   0.933,   1.000,   0.945,   0.897,   0.869,   0.813,   0.762,   0.730,   0.705,   0.665,   0.647,   0.601,   0.600,   0.603],
    [  0.534,   0.498,   0.474,   0.445,   0.430,   0.454,   0.492,   0.527,   0.565,   0.598,   0.627,   0.655,   0.683,   0.721,   0.755,   0.770,   0.785,   0.812,   0.839,   0.889,   0.945,   1.000,   0.951,   0.910,   0.844,   0.793,   0.757,   0.730,   0.685,   0.666,   0.615,   0.611,   0.613],
    [  0.522,   0.487,   0.463,   0.434,   0.421,   0.444,   0.480,   0.514,   0.552,   0.584,   0.611,   0.637,   0.666,   0.702,   0.735,   0.750,   0.763,   0.789,   0.813,   0.856,   0.897,   0.951,   1.000,   0.959,   0.874,   0.816,   0.778,   0.750,   0.704,   0.683,   0.627,   0.620,   0.621],
    [  0.519,   0.484,   0.460,   0.432,   0.418,   0.440,   0.475,   0.509,   0.546,   0.577,   0.601,   0.626,   0.653,   0.688,   0.721,   0.734,   0.747,   0.772,   0.796,   0.834,   0.869,   0.910,   0.959,   1.000,   0.906,   0.842,   0.800,   0.771,   0.724,   0.699,   0.639,   0.632,   0.632],
    [  0.514,   0.482,   0.460,   0.433,   0.419,   0.438,   0.469,   0.498,   0.531,   0.557,   0.578,   0.600,   0.623,   0.655,   0.686,   0.696,   0.707,   0.730,   0.749,   0.783,   0.813,   0.844,   0.874,   0.906,   1.000,   0.923,   0.870,   0.834,   0.785,   0.754,   0.691,   0.679,   0.672],
    [  0.500,   0.471,   0.449,   0.424,   0.411,   0.426,   0.456,   0.483,   0.510,   0.532,   0.553,   0.573,   0.593,   0.623,   0.651,   0.660,   0.670,   0.690,   0.704,   0.736,   0.762,   0.793,   0.816,   0.842,   0.923,   1.000,   0.942,   0.894,   0.841,   0.805,   0.734,   0.713,   0.703],
    [  0.497,   0.469,   0.447,   0.422,   0.410,   0.424,   0.452,   0.477,   0.502,   0.522,   0.541,   0.560,   0.578,   0.607,   0.633,   0.640,   0.648,   0.666,   0.677,   0.706,   0.730,   0.757,   0.778,   0.800,   0.870,   0.942,   1.000,   0.955,   0.897,   0.854,   0.771,   0.747,   0.732],
    [  0.502,   0.474,   0.453,   0.429,   0.416,   0.430,   0.455,   0.479,   0.502,   0.520,   0.537,   0.553,   0.570,   0.597,   0.620,   0.626,   0.633,   0.647,   0.658,   0.683,   0.705,   0.730,   0.750,   0.771,   0.834,   0.894,   0.955,   1.000,   0.952,   0.899,   0.811,   0.781,   0.763],
