col=00~ses=0001~src=2~rup=7651-01,0 1,1.283041E-04 1.409455E-04
col=00~ses=0001~src=2~rup=8371-01,0 1,1.914874E-04 5.809579E-04
col=00~ses=0001~src=2~rup=9163-01,0 1,2.970869E-03 2.224598E-03
