event_tag,site_indices,PGA
grp=00~ses=0001~src=2~rup=7651-01,0 1,9.065985E-04 1.310036E-04
grp=00~ses=0001~src=2~rup=8371-01,0 1,4.102092E-03 6.527405E-04
grp=00~ses=0001~src=2~rup=9163-01,0 1,4.277488E-03 2.034745E-03
