col=00~ses=0001~src=2~rup=10186-01,0 1,7.961240E-04 2.736203E-03
col=00~ses=0001~src=2~rup=8674-01,0 1,2.441069E-04 2.518955E-04
col=00~ses=0001~src=2~rup=9394-01,0 1,3.143291E-04 6.404697E-04
