col=00~ses=0001~src=2~rup=10186-01,0 1,7.96123990E-04 2.73620337E-03
col=00~ses=0001~src=2~rup=8674-01,0 1,2.44106937E-04 2.51895486E-04
col=00~ses=0001~src=2~rup=9394-01,0 1,3.14329081E-04 6.40469720E-04
