event_tag,site_indices,PGA
grp=00~ses=0001~rup=1-01,0,9.349059E-02
grp=00~ses=0001~rup=1-02,0,1.426666E-01
