col=01~ses=0001~src=1~rup=527-01,79 86 87,6.52818894E-03 1.91448769E-03 1.30992522E-03
col=01~ses=0001~src=1~rup=543-01,79 86 87 88,3.48254712E-03 1.56318191E-02 2.20262967E-02 8.92970653E-04
