col=04~ses=0001~src=1339~rup=81997-01,17 19 26 32 33,1.410776E-02 2.934952E-02 4.822595E-02 8.301766E-03 2.245112E-03
col=04~ses=0001~src=246~rup=83138-01,0 3 5 8,7.898698E-03 1.158318E-02 7.813777E-03 5.669998E-03
col=04~ses=0001~src=257~rup=124420-01,67 68 72 75 78,5.981384E-03 8.456937E-03 1.569363E-02 6.862529E-03 1.457502E-02
