col=01~ses=0001~src=1~rup=505-01,79 86 87,6.528189E-03 1.914488E-03 1.309925E-03
col=01~ses=0001~src=1~rup=521-01,79 86 87 88,3.482547E-03 1.563182E-02 2.202630E-02 8.929707E-04
