col=04~ses=0001~src=1339~rup=81975-01,17 19 26 32 33,8.133268E-03 1.675378E-02 3.096883E-02 5.087948E-03 9.941856E-04
col=04~ses=0001~src=246~rup=83116-01,0 3 5 8,2.936096E-03 5.273376E-03 3.359450E-03 2.410652E-03
col=04~ses=0001~src=257~rup=124398-01,67 68 72 75 78,1.537629E-03 2.717319E-03 5.988527E-03 2.023884E-03 5.181095E-03
