trt=04~ses=0001~src=1339~rup=81975-01,17 19 26 32 33,1.333753E-02 7.929426E-02 5.297275E-02 7.152008E-03 7.206218E-03
trt=04~ses=0001~src=246~rup=83116-01,0 3 5 8,6.094804E-03 6.453153E-03 2.241771E-03 6.373650E-03
trt=04~ses=0001~src=257~rup=124398-01,67 68 72 75 78,3.077420E-02 8.690667E-03 7.280203E-03 1.064827E-02 8.917550E-03
