trt=04~ses=0001~src=1339~rup=81975-01,17 19 26 32 33,6.681608E-03 3.607843E-02 1.485094E-02 8.601243E-03 6.611282E-03
trt=04~ses=0001~src=246~rup=83116-01,0 3 5 8,2.090317E-02 2.431319E-02 2.077990E-02 9.144966E-03
trt=04~ses=0001~src=257~rup=124398-01,67 68 72 75 78,1.559066E-02 7.120363E-03 8.586874E-03 1.370539E-02 8.513489E-03
