col=04~ses=0001~src=1339~rup=81997-01,17 19 26 32 33,2.28328072E-02 4.32067066E-02 7.35101476E-02 1.45181036E-02 3.68253374E-03
col=04~ses=0001~src=246~rup=83138-01,0 3 5 8,1.00834081E-02 1.55729102E-02 1.06634758E-02 7.83290714E-03
col=04~ses=0001~src=257~rup=124420-01,67 68 72 75 78,4.90667997E-03 7.65130250E-03 1.50089087E-02 6.01556152E-03 1.34188067E-02
