col=04~ses=0001~src=1339~rup=81974-01,17 19 26 32 33,2.283281E-02 4.320671E-02 7.351015E-02 1.451810E-02 3.682534E-03
col=04~ses=0001~src=246~rup=83115-01,0 3 5 8,1.008341E-02 1.557291E-02 1.066348E-02 7.832907E-03
col=04~ses=0001~src=257~rup=124397-01,67 68 72 75 78,4.906680E-03 7.651302E-03 1.500891E-02 6.015562E-03 1.341881E-02
