col=04~ses=0001~src=1339~rup=81974-01,17 19 26 32 33,1.228823E-02 2.692849E-02 4.361763E-02 6.685937E-03 1.793704E-03
col=04~ses=0001~src=246~rup=83115-01,0 3 5 8,8.721942E-03 1.240839E-02 8.148842E-03 5.706071E-03
col=04~ses=0001~src=257~rup=124397-01,67 68 72 75 78,7.063857E-03 8.948615E-03 1.642744E-02 7.480485E-03 1.607133E-02
