trt=04~ses=0001~src=1339~rup=81975-01,17 19 26 32 33,1.854298E-02 3.788267E-02 3.610405E-02 8.858718E-03 8.815422E-03
trt=04~ses=0001~src=246~rup=83116-01,0 3 5 8,4.195991E-03 9.437503E-03 4.867406E-03 8.418594E-03
trt=04~ses=0001~src=257~rup=124398-01,67 68 72 75 78,1.402394E-02 6.511074E-03 4.984618E-03 2.273144E-03 3.488941E-03
