col=04~ses=0001~src=1339~rup=81975-01,17 19 26 32 33,2.329683E-02 5.031052E-02 4.798513E-02 1.028543E-02 9.865922E-03
col=04~ses=0001~src=246~rup=83116-01,0 3 5 8,5.599343E-03 1.296932E-02 6.437767E-03 1.261491E-02
col=04~ses=0001~src=257~rup=124398-01,67 68 72 75 78,1.867140E-02 9.195524E-03 6.788827E-03 3.103702E-03 4.605566E-03
