event_tag,site_indices,PGA
grp=04~ses=0001~rup=124398-01,67 68 72 75 78,7.140149E-02 1.604020E-02 1.201088E-02 4.653637E-03 1.538078E-02
grp=04~ses=0001~rup=81975-01,17 19 26 32 33,1.343936E-01 3.773554E-02 8.038045E-02 2.034264E-02 1.094102E-02
grp=04~ses=0001~rup=83116-01,0 3 5 8,5.792758E-02 9.077887E-03 1.463301E-02 4.648066E-03
