event_tag,site_indices,PGA
grp=04~ses=0001~src=1339~rup=81975-01,17 19 26 32 33,1.351254E-01 3.679372E-02 7.755344E-02 2.242232E-02 1.259914E-02
grp=04~ses=0001~src=246~rup=83116-01,0 3 5 8,5.144253E-02 8.702314E-03 1.391560E-02 4.190736E-03
grp=04~ses=0001~src=257~rup=124398-01,67 68 72 75 78,5.786139E-02 1.209546E-02 9.393994E-03 3.620647E-03 1.254301E-02
