event_tag,site_indices,PGA
grp=01~ses=0001~src=1~rup=505-01,79 86 87,4.017565E-02 1.644365E-03 1.197182E-02
grp=01~ses=0001~src=1~rup=521-01,79 86 87 88,1.040050E-01 3.492310E-03 6.718662E-03 2.534098E-03
