event_tag,site_indices,PGA
grp=04~ses=0001~src=1339~rup=81975-01,17 19 26 32 33,1.440347E-01 4.420930E-02 9.108304E-02 2.306406E-02 1.254805E-02
grp=04~ses=0001~src=246~rup=83116-01,0 3 5 8,5.718964E-02 1.008661E-02 1.525731E-02 4.565650E-03
grp=04~ses=0001~src=257~rup=124398-01,67 68 72 75 78,5.356843E-02 1.091947E-02 8.718656E-03 3.518916E-03 1.206824E-02
