col=04~ses=0001~src=1339~rup=81975-01,17 19 26 32 33,1.885431E-02 4.058820E-02 3.884096E-02 8.387658E-03 7.928705E-03
col=04~ses=0001~src=246~rup=83116-01,0 3 5 8,4.512433E-03 9.706520E-03 4.917319E-03 7.973180E-03
col=04~ses=0001~src=257~rup=124398-01,67 68 72 75 78,1.350097E-02 5.899679E-03 4.646308E-03 2.202414E-03 3.469263E-03
