event_tag,site_indices,PGA
grp=04~ses=0001~rup=124398-01,67 68 72 75 78,4.549943E-02 6.623261E-03 4.679606E-03 1.341137E-03 6.504657E-03
grp=04~ses=0001~rup=81975-01,17 19 26 32 33,6.900682E-02 9.986001E-03 2.555322E-02 8.263505E-03 4.196329E-03
grp=04~ses=0001~rup=83116-01,0 3 5 8,2.770532E-02 2.964106E-03 5.829231E-03 1.326379E-03
