col=04~ses=0001~src=1339~rup=81975-01,17 19 26 32 33,2.062764E-02 3.827532E-02 3.598918E-02 1.046940E-02 1.086300E-02
col=04~ses=0001~src=246~rup=83116-01,0 3 5 8,5.738896E-03 1.401499E-02 7.197989E-03 1.340811E-02
col=04~ses=0001~src=257~rup=124398-01,67 68 72 75 78,1.905297E-02 8.700998E-03 6.428737E-03 2.698742E-03 4.207668E-03
