trt=04~ses=0001~src=1339~rup=81975-01,17 19 26 32 33,7.833683E-03 1.900845E-01 5.125312E-02 1.474072E-02 1.516323E-02
trt=04~ses=0001~src=246~rup=83116-01,0 3 5 8,6.508677E-03 1.638671E-02 1.032734E-02 1.804346E-02
trt=04~ses=0001~src=257~rup=124398-01,67 68 72 75 78,1.540639E-02 1.607001E-02 2.552321E-02 7.972374E-03 8.389968E-03
