col=04~ses=0001~src=1339~rup=81975-01,17 19 26 32 33,2.562081E-02 5.635515E-02 9.329445E-02 1.396860E-02 3.583471E-03
col=04~ses=0001~src=246~rup=83116-01,0 3 5 8,9.681944E-03 1.436791E-02 9.431355E-03 7.482914E-03
col=04~ses=0001~src=257~rup=124398-01,67 68 72 75 78,5.567131E-03 8.199223E-03 1.446274E-02 6.344526E-03 1.295865E-02
