col=04~ses=0001~src=1339~rup=81975-01,17 19 26 32 33,7.194278E-03 1.447242E-02 1.313400E-02 3.428019E-03 3.672114E-03
col=04~ses=0001~src=246~rup=83116-01,0 3 5 8,1.476979E-03 4.637509E-03 2.080620E-03 4.642090E-03
col=04~ses=0001~src=257~rup=124398-01,67 68 72 75 78,7.666554E-03 3.164197E-03 2.194018E-03 7.832853E-04 1.311995E-03
