col=04~ses=0001~src=1339~rup=81997-01,17 19 26 32 33,8.13326798E-03 1.67537816E-02 3.09688300E-02 5.08794840E-03 9.94185568E-04
col=04~ses=0001~src=246~rup=83138-01,0 3 5 8,2.93609616E-03 5.27337566E-03 3.35944956E-03 2.41065235E-03
col=04~ses=0001~src=257~rup=124420-01,67 68 72 75 78,1.53762940E-03 2.71731918E-03 5.98852709E-03 2.02388386E-03 5.18109510E-03
