event_tag,site_indices,PGA
grp=04~ses=0001~rup=124398-01,67 68 72 75 78,8.570822E-02 1.623521E-02 1.218724E-02 4.249836E-03 1.626082E-02
grp=04~ses=0001~rup=81975-01,17 19 26 32 33,1.340878E-01 2.815138E-02 6.263839E-02 2.169142E-02 1.213194E-02
grp=04~ses=0001~rup=83116-01,0 3 5 8,6.356905E-02 9.708022E-03 1.675853E-02 4.798198E-03
