col=04~ses=0001~src=1339~rup=81997-01,17 19 26 32 33,1.22882305E-02 2.69284863E-02 4.36176322E-02 6.68593729E-03 1.79370423E-03
col=04~ses=0001~src=246~rup=83138-01,0 3 5 8,8.72194208E-03 1.24083860E-02 8.14884249E-03 5.70607092E-03
col=04~ses=0001~src=257~rup=124420-01,67 68 72 75 78,7.06385681E-03 8.94861482E-03 1.64274387E-02 7.48048490E-03 1.60713289E-02
