trt=04~ses=0001~src=1339~rup=81975-01,17 19 26 32 33,2.047494E-02 8.326547E-03 1.707555E-02 4.350531E-03 2.063303E-03
trt=04~ses=0001~src=246~rup=83116-01,0 3 5 8,2.635722E-03 5.326909E-03 4.089660E-03 3.193670E-03
trt=04~ses=0001~src=257~rup=124398-01,67 68 72 75 78,8.756669E-03 5.658074E-03 3.744873E-03 4.858133E-03 2.286121E-03
