col=01~ses=0237~src=1~rup=1788-01,0,1.42676935E-01
col=01~ses=0342~src=1~rup=1112-01,0,7.65257627E-02
