col=01~ses=0237~src=1~rup=724-01,0,1.426769E-01
col=01~ses=0342~src=1~rup=48-01,0,7.652576E-02
