col=02~ses=0130~src=1~rup=6-01,0,1.165513E-02
col=02~ses=0198~src=1~rup=285-01,0,1.665869E-02
col=02~ses=0289~src=1~rup=576-01,0,2.417892E-02
