col=02~ses=0130~src=1~rup=1070-01,0,1.16551258E-02
col=02~ses=0198~src=1~rup=1349-01,0,1.66586936E-02
col=02~ses=0289~src=1~rup=1640-01,0,2.41789222E-02
