col=00~ses=0026~src=1~rup=196-01,0,2.58264070E-01
col=00~ses=0122~src=1~rup=169-01,0,2.54973067E-01
col=00~ses=0262~src=1~rup=351-01,0,2.77995595E-01
