event_tag,site_indices,PGA
grp=00~ses=0011~rup=706-01,0,3.290538E-01
grp=00~ses=0328~rup=1121-01,0,4.007438E-01
grp=00~ses=0587~rup=723-01,0,3.317214E-01
