col=00~ses=0011~src=1~rup=705-01,0,3.290538E-01
col=00~ses=0328~src=1~rup=1120-01,0,4.007438E-01
col=00~ses=0587~src=1~rup=722-01,0,3.317214E-01
